72
1
72
1 2 1.000000
1 9 1.000000
2 1 1.000000
2 3 1.000000
2 10 1.000000
3 2 1.000000
3 4 1.000000
3 11 1.000000
4 3 1.000000
4 5 1.000000
4 12 1.000000
5 4 1.000000
5 6 1.000000
5 13 1.000000
6 5 1.000000
6 7 1.000000
6 14 1.000000
7 6 1.000000
7 8 1.000000
7 15 1.000000
8 7 1.000000
8 16 1.000000
9 1 1.000000
9 10 1.000000
9 17 1.000000
10 2 1.000000
10 9 1.000000
10 11 1.000000
10 18 1.000000
11 3 1.000000
11 10 1.000000
11 12 1.000000
11 19 1.000000
12 4 1.000000
12 11 1.000000
12 13 1.000000
12 20 1.000000
13 5 1.000000
13 12 1.000000
13 14 1.000000
13 21 1.000000
14 6 1.000000
14 13 1.000000
14 15 1.000000
14 22 1.000000
15 7 1.000000
15 14 1.000000
15 16 1.000000
15 23 1.000000
16 8 1.000000
16 15 1.000000
16 24 1.000000
17 9 1.000000
17 18 1.000000
17 25 1.000000
18 10 1.000000
18 17 1.000000
18 19 1.000000
18 26 1.000000
19 11 1.000000
19 18 1.000000
19 20 1.000000
19 27 1.000000
20 12 1.000000
20 19 1.000000
20 21 1.000000
20 28 1.000000
21 13 1.000000
21 20 1.000000
21 22 1.000000
21 29 1.000000
22 14 1.000000
22 21 1.000000
22 23 1.000000
22 30 1.000000
23 15 1.000000
23 22 1.000000
23 24 1.000000
23 31 1.000000
24 16 1.000000
24 23 1.000000
24 32 1.000000
25 17 1.000000
25 26 1.000000
25 33 1.000000
26 18 1.000000
26 25 1.000000
26 27 1.000000
26 34 1.000000
27 19 1.000000
27 26 1.000000
27 28 1.000000
27 35 1.000000
28 20 1.000000
28 27 1.000000
28 29 1.000000
28 36 1.000000
29 21 1.000000
29 28 1.000000
29 30 1.000000
29 37 1.000000
30 22 1.000000
30 29 1.000000
30 31 1.000000
30 38 1.000000
31 23 1.000000
31 30 1.000000
31 32 1.000000
31 39 1.000000
32 24 1.000000
32 31 1.000000
32 40 1.000000
33 25 1.000000
33 34 1.000000
33 41 1.000000
34 26 1.000000
34 33 1.000000
34 35 1.000000
34 42 1.000000
35 27 1.000000
35 34 1.000000
35 36 1.000000
35 43 1.000000
36 28 1.000000
36 35 1.000000
36 37 1.000000
36 44 1.000000
37 29 1.000000
37 36 1.000000
37 38 1.000000
37 45 1.000000
38 30 1.000000
38 37 1.000000
38 39 1.000000
38 46 1.000000
39 31 1.000000
39 38 1.000000
39 40 1.000000
39 47 1.000000
40 32 1.000000
40 39 1.000000
40 48 1.000000
41 33 1.000000
41 42 1.000000
41 49 1.000000
42 34 1.000000
42 41 1.000000
42 43 1.000000
42 50 1.000000
43 35 1.000000
43 42 1.000000
43 44 1.000000
43 51 1.000000
44 36 1.000000
44 43 1.000000
44 45 1.000000
44 52 1.000000
45 37 1.000000
45 44 1.000000
45 46 1.000000
45 53 1.000000
46 38 1.000000
46 45 1.000000
46 47 1.000000
46 54 1.000000
47 39 1.000000
47 46 1.000000
47 48 1.000000
47 55 1.000000
48 40 1.000000
48 47 1.000000
48 56 1.000000
49 41 1.000000
49 50 1.000000
49 57 1.000000
50 42 1.000000
50 49 1.000000
50 51 1.000000
50 58 1.000000
51 43 1.000000
51 50 1.000000
51 52 1.000000
51 59 1.000000
52 44 1.000000
52 51 1.000000
52 53 1.000000
52 60 1.000000
53 45 1.000000
53 52 1.000000
53 54 1.000000
53 61 1.000000
54 46 1.000000
54 53 1.000000
54 55 1.000000
54 62 1.000000
55 47 1.000000
55 54 1.000000
55 56 1.000000
55 63 1.000000
56 48 1.000000
56 55 1.000000
56 64 1.000000
57 49 1.000000
57 58 1.000000
57 65 1.000000
58 50 1.000000
58 57 1.000000
58 59 1.000000
58 66 1.000000
59 51 1.000000
59 58 1.000000
59 60 1.000000
59 67 1.000000
60 52 1.000000
60 59 1.000000
60 61 1.000000
60 68 1.000000
61 53 1.000000
61 60 1.000000
61 62 1.000000
61 69 1.000000
62 54 1.000000
62 61 1.000000
62 63 1.000000
62 70 1.000000
63 55 1.000000
63 62 1.000000
63 64 1.000000
63 71 1.000000
64 56 1.000000
64 63 1.000000
64 72 1.000000
65 57 1.000000
65 66 1.000000
66 58 1.000000
66 65 1.000000
66 67 1.000000
67 59 1.000000
67 66 1.000000
67 68 1.000000
68 60 1.000000
68 67 1.000000
68 69 1.000000
69 61 1.000000
69 68 1.000000
69 70 1.000000
70 62 1.000000
70 69 1.000000
70 71 1.000000
71 63 1.000000
71 70 1.000000
71 72 1.000000
72 64 1.000000
72 71 1.000000
