56
1
56
1 2 1.000000
1 8 1.000000
2 1 1.000000
2 3 1.000000
2 9 1.000000
3 2 1.000000
3 4 1.000000
3 10 1.000000
4 3 1.000000
4 5 1.000000
4 11 1.000000
5 4 1.000000
5 6 1.000000
5 12 1.000000
6 5 1.000000
6 7 1.000000
6 13 1.000000
7 6 1.000000
7 14 1.000000
8 1 1.000000
8 9 1.000000
8 15 1.000000
9 2 1.000000
9 8 1.000000
9 10 1.000000
9 16 1.000000
10 3 1.000000
10 9 1.000000
10 11 1.000000
10 17 1.000000
11 4 1.000000
11 10 1.000000
11 12 1.000000
11 18 1.000000
12 5 1.000000
12 11 1.000000
12 13 1.000000
12 19 1.000000
13 6 1.000000
13 12 1.000000
13 14 1.000000
13 20 1.000000
14 7 1.000000
14 13 1.000000
14 21 1.000000
15 8 1.000000
15 16 1.000000
15 22 1.000000
16 9 1.000000
16 15 1.000000
16 17 1.000000
16 23 1.000000
17 10 1.000000
17 16 1.000000
17 18 1.000000
17 24 1.000000
18 11 1.000000
18 17 1.000000
18 19 1.000000
18 25 1.000000
19 12 1.000000
19 18 1.000000
19 20 1.000000
19 26 1.000000
20 13 1.000000
20 19 1.000000
20 21 1.000000
20 27 1.000000
21 14 1.000000
21 20 1.000000
21 28 1.000000
22 15 1.000000
22 23 1.000000
22 29 1.000000
23 16 1.000000
23 22 1.000000
23 24 1.000000
23 30 1.000000
24 17 1.000000
24 23 1.000000
24 25 1.000000
24 31 1.000000
25 18 1.000000
25 24 1.000000
25 26 1.000000
25 32 1.000000
26 19 1.000000
26 25 1.000000
26 27 1.000000
26 33 1.000000
27 20 1.000000
27 26 1.000000
27 28 1.000000
27 34 1.000000
28 21 1.000000
28 27 1.000000
28 35 1.000000
29 22 1.000000
29 30 1.000000
29 36 1.000000
30 23 1.000000
30 29 1.000000
30 31 1.000000
30 37 1.000000
31 24 1.000000
31 30 1.000000
31 32 1.000000
31 38 1.000000
32 25 1.000000
32 31 1.000000
32 33 1.000000
32 39 1.000000
33 26 1.000000
33 32 1.000000
33 34 1.000000
33 40 1.000000
34 27 1.000000
34 33 1.000000
34 35 1.000000
34 41 1.000000
35 28 1.000000
35 34 1.000000
35 42 1.000000
36 29 1.000000
36 37 1.000000
36 43 1.000000
37 30 1.000000
37 36 1.000000
37 38 1.000000
37 44 1.000000
38 31 1.000000
38 37 1.000000
38 39 1.000000
38 45 1.000000
39 32 1.000000
39 38 1.000000
39 40 1.000000
39 46 1.000000
40 33 1.000000
40 39 1.000000
40 41 1.000000
40 47 1.000000
41 34 1.000000
41 40 1.000000
41 42 1.000000
41 48 1.000000
42 35 1.000000
42 41 1.000000
42 49 1.000000
43 36 1.000000
43 44 1.000000
43 50 1.000000
44 37 1.000000
44 43 1.000000
44 45 1.000000
44 51 1.000000
45 38 1.000000
45 44 1.000000
45 46 1.000000
45 52 1.000000
46 39 1.000000
46 45 1.000000
46 47 1.000000
46 53 1.000000
47 40 1.000000
47 46 1.000000
47 48 1.000000
47 54 1.000000
48 41 1.000000
48 47 1.000000
48 49 1.000000
48 55 1.000000
49 42 1.000000
49 48 1.000000
49 56 1.000000
50 43 1.000000
50 51 1.000000
51 44 1.000000
51 50 1.000000
51 52 1.000000
52 45 1.000000
52 51 1.000000
52 53 1.000000
53 46 1.000000
53 52 1.000000
53 54 1.000000
54 47 1.000000
54 53 1.000000
54 55 1.000000
55 48 1.000000
55 54 1.000000
55 56 1.000000
56 49 1.000000
56 55 1.000000
